variant_id,stop_id
795750,1396
795818,1629
795818,2031
795819,1603
795819,1497
796993,1541
797039,1603
797039,1497
797086,1396
800960,3131
803118,637
804516,568
804516,572
805095,3134
805419,73
805422,83
805422,2482
805422,73
805423,2838
805423,3476
805423,74
805423,1025
805424,2838
805424,3476
805424,74
805424,1025
805425,2838
805425,3476
805425,74
805425,1025
805426,74
805426,1025
805427,74
805427,1025
805428,74
805428,1025
805429,74
805429,1025
805440,1705
805675,4248
805675,2040
805675,1705
805676,4248
805676,2040
805676,1705
806431,1704
806432,1704
806432,2477
806432,4248
806456,3134
806466,1705
806466,4201
806537,115
806537,1139
806537,981
806537,799
806537,1025
806820,4566
806820,4256
806820,2113
806820,568
806820,575
808912,647
808912,637
808914,638
808914,700
808963,638
808964,637
809133,2899
809133,3422
809179,3421
809212,2479
809307,1869
809324,1868
809678,636
809869,2482
809869,73
809869,3467
809869,2839
809873,4248
809873,2040
809873,1705
809910,4013
809910,3976
809910,4026
809910,4002
809911,4003
809911,4025
809911,3976
809911,4014
809920,1705
810127,1398
810127,3522
810127,1418
810127,2031
810127,1868
810135,1897
810135,2034
810135,1417
810135,3521
810135,1541
810473,3667
810473,3586
810558,1542
811126,2838
811126,3476
811126,74
811126,1025
811252,636
811735,637
812277,115
812277,1139
812277,981
812277,799
812277,1025
812278,91
812278,798
812278,994
812281,91
812281,798
812281,994
812322,884
812322,217
812322,115
812322,91
812322,3136
812323,884
812323,217
812323,115
812323,91
812323,3136
812324,242
812324,884
812324,217
812324,115
812324,91
812325,242
812325,884
812325,217
812325,115
812325,91
812325,3136
812326,94
812326,1125
812326,3762
812326,213
812502,1704
812502,2251
812502,895
812503,992
812503,1015
812503,1705
812504,1704
812504,2251
812505,1015
812505,1705
812507,3977
812507,992
812507,1705
812508,1704
812508,2251
812508,895
812512,992
812512,1015
812513,992
812513,1015
812513,1705
812516,3871
812516,992
812516,1015
812517,3871
812517,992
812517,1015
812517,1705
812518,3871
812518,992
812518,1015
812518,1705
812530,1015
812531,1015
812531,1705
812532,1015
812532,1705
812540,1705
812541,3977
812541,992
812541,1705
812556,1704
812556,2251
812556,895
812556,3870
812782,638
812782,3124
812783,3123
812783,636
812785,638
812785,3124
812785,4439
812788,4521
812788,3123
812788,636
812948,1249
812948,3134
813047,1160
813047,824
813047,651
813096,788
813096,2554
813157,604
813157,711
813157,3422
813213,2479
813249,115
813249,91
813259,637
813259,668
813373,115
813373,1025
813374,242
813374,213
813374,115
813374,1025
813401,638
813411,115
813411,91
813411,3136
813412,1330
813943,3901
813943,304
813943,2531
813943,884
813943,217
813987,1704
813987,149
813988,148
813988,1705
813989,1704
813989,149
813990,148
813990,1705
813991,1704
813991,72
813991,1125
813991,2570
813991,114
813992,115
813992,2569
813992,2482
813992,73
813992,1705
813993,1704
813993,149
813993,912
813995,148
813996,148
813996,1705
813997,148
813997,1705
813998,153
813998,148
813998,1705
813999,153
813999,148
814000,153
814000,148
814000,1705
814001,153
814001,148
814001,1705
814002,148
814003,148
814003,1705
814004,148
814004,1705
814005,153
814005,148
814006,153
814006,148
814006,1705
814008,153
814008,148
814008,1705
814009,1704
814009,149
814009,153
814010,115
814010,2569
814010,2482
814010,73
814010,1705
814011,115
814011,2569
814011,2482
814011,73
814011,1705
814012,115
814012,2569
814012,2482
814012,73
814091,1897
814091,2034
814091,1417
814091,3521
814091,1541
814091,1375
814092,1897
814092,2034
814092,1417
814092,3521
814092,1541
814092,1375
814462,213
814462,214
814462,1176
814462,1741
814544,1176
814544,1741
814553,255
814576,1249
814576,27
814599,4125
814599,4137
814599,4122
814599,3906
814599,3514
814599,3519
814603,4376
814603,4125
814603,4137
814603,4122
814603,3906
814603,3514
814603,3519
814604,4125
814604,4137
814604,4122
814617,378
814617,3890
814617,480
814617,4138
814617,3134
814618,3134
814618,4122
814618,481
814618,3891
814618,2341
814630,378
814630,3890
814630,480
814630,4138
814630,3134
814631,3134
814631,4122
814631,481
814631,3891
814631,2341
814632,378
814632,3890
814632,480
814632,4138
814632,3134
814633,3134
814633,4122
814633,481
814633,3891
814633,2342
814635,378
814635,3890
814635,480
814635,4138
814635,3134
814681,1160
814685,213
814685,216
814685,228
814685,1176
814685,1178
814685,1248
814685,711
814685,3421
814685,2305
814685,728
814688,213
814764,3134
814764,4122
814764,481
814764,3891
814764,2341
814858,4685
814858,1534
814858,1418
814858,2031
815006,469
815006,3132
815006,3906
815006,3104
815006,3526
815006,547
815006,242
815006,217
815006,2479
815031,4681
815031,240
815031,546
815043,4652
815043,637
815046,639
815046,3899
815099,3906
815099,3104
815099,3526
815099,547
815099,242
815099,217
815099,2479
815108,603
815108,1900
815108,1740
815123,603
815123,1740
815131,613
815137,4652
815137,1892
815137,603
815137,1900
815144,4652
815145,4652
815186,4681
815186,240
815186,546
815186,4627
815186,3517
815198,639
815198,3895
815199,4652
815199,637
815200,4652
815208,568
815208,1189
815208,935
815208,613
815208,4652
815208,637
815208,644
815208,1329
815208,665
815232,469
815232,2905
815232,435
815232,1011
815233,469
815233,2905
815233,435
815233,1011
815234,125
815234,2479
815234,115
815235,2570
815235,788
815235,2554
815444,539
815444,527
815449,539
815449,527
815450,3272
815450,539
815450,527
815454,2274
815454,3415
815454,2828
815454,1819
815454,1289
815454,2028
815454,884
815454,217
815454,212
815455,2274
815455,3415
815455,2828
815455,613
815456,213
815456,1176
815456,613
815522,148
815522,1705
815522,4201
815538,3977
815538,992
815538,1015
815538,1705
815544,2482
815544,73
815544,1705
815553,3598
815553,4590
815553,3421
815553,2305
815553,2871
815553,3652
815553,3646
815553,3036
815553,1979
815553,3669
815553,1702
815553,3706
815553,3588
815553,3666
815553,3722
815554,3667
815554,3707
815554,1703
815554,3668
815554,1731
815554,3037
815554,3647
815554,3653
815554,2899
815554,2274
815554,3419
815554,4591
815554,3599
815610,3721
815610,3644
815610,1731
815610,3647
815610,3653
815610,2899
815610,2274
815610,3419
815610,4591
815610,3599
815612,3598
815612,4590
815612,3421
815612,2305
815612,2871
815612,3652
815612,3646
815612,1731
815612,3645
815612,3722
815612,3852
815613,576
815613,567
815613,2113
815613,4255
815613,3641
815613,4254
815613,3600
815614,3600
815614,1086
815614,3632
815614,4254
815614,4566
815614,4256
815614,2113
815614,568
815614,575
815643,637
815643,666
815643,212
815643,195
815643,179
815665,4652
815665,637
815665,666
815665,212
815665,255
815665,271
815666,666
815666,212
815666,255
815666,271
815666,2863
815688,3977
815688,992
815688,1015
815688,1705
815689,2482
815689,73
815690,895
815694,895
815694,3976
815695,1704
815695,895
815695,3976
815696,3977
815696,992
815696,1015
815696,1705
815697,895
815922,3421
815922,728
815922,3244
815922,3720
815922,4596
815922,3669
815922,3706
815922,3709
815922,1081
815922,3064
815922,3672
815922,4422
815923,4423
815923,3671
815923,3065
815923,1082
815923,3707
815923,3670
815923,4597
815923,3720
815923,727
815923,3415
815995,3720
815995,3245
815995,727
815995,3415
815999,3420
815999,2782
815999,4566
816001,3420
816001,2782
816001,3641
816001,4254
816002,3420
816002,2782
816002,3641
816002,3621
816003,3420
816003,2782
816003,3641
816004,3420
816004,2782
816004,3641
816005,3420
816005,2782
816005,3641
816005,2254
816006,2934
816006,2781
816006,3415
816007,4566
816007,2934
816007,2781
816007,3415
816008,4254
816008,2934
816008,2781
816008,3415
816009,2934
816009,2781
816009,3415
816010,2255
816010,2934
816010,2781
816010,3415
816011,3421
816011,2305
816011,2871
816011,3652
816011,3646
816011,3036
816011,1979
816011,3669
816011,1702
816011,3706
816011,3588
816011,3666
816011,3722
816012,3667
816012,3707
816012,1703
816012,3668
816012,1731
816012,3037
816012,3647
816012,3653
816012,2899
816012,2274
816012,3415
816013,3598
816013,4590
816013,3415
816014,3419
816014,4591
816014,3599
816015,3421
816015,2305
816015,2871
816015,3652
816015,3646
816015,3645
816015,3722
816015,3852
816016,3721
816016,3644
816016,1731
816016,3647
816016,3653
816016,2899
816016,2274
816016,3415
816039,636
816039,818
816039,3517
816039,508
816039,3106
816039,3514
816039,1000
816039,2342
816141,376
816141,1817
816153,33
816153,4663
816153,538
816153,3272
816153,3370
816153,2747
816154,2747
816154,3370
816154,539
816154,4664
816154,838
816155,33
816155,4663
816155,538
816156,539
816156,4664
816156,838
816173,3405
816173,3404
816173,4632
816173,3924
816173,864
816173,3512
816184,639
816184,3899
816189,2342
816189,1963
816189,3182
816189,2861
816189,1149
816189,4681
816189,213
816189,824
816191,1125
816191,114
816191,211
816192,3412
816192,3547
816192,2884
816192,1151
816192,305
816192,3891
816192,1002
816193,396
816193,3890
816193,304
816193,2855
816193,255
816193,1759
816193,3416
816193,213
816194,788
816194,213
816194,216
816194,226
816194,240
816194,30
816194,305
816194,3900
816200,679
816200,212
816200,1306
816200,281
816200,1962
816200,3934
816200,3890
816200,480
816200,2527
816201,4652
816201,636
816201,818
816201,242
816201,255
816201,271
816202,1149
816202,4681
816202,240
816202,1782
816202,639
816202,3899
816204,667
816204,636
816209,3895
816219,1125
816219,788
816219,216
816219,240
816219,1330
816219,3517
816219,508
816224,469
816224,3132
816224,3906
816224,3104
816224,3526
816224,547
816224,242
816224,217
816225,3134
816225,3132
816225,3906
816225,509
816225,3526
816225,547
816232,2855
816232,205
816241,1239
816241,281
816241,403
816241,2341
816241,3924
816241,4635
816242,3405
816242,3404
816242,3924
816242,2342
816242,1963
816242,2855
816243,3405
816243,3404
816243,4632
816243,3924
816243,2342
816243,1963
816243,2855
816243,213
816245,3405
816245,3404
816245,3924
816245,2342
816245,1963
816245,2855
816259,3405
816259,3404
816259,4632
816259,3924
816259,864
816259,3526
816264,94
816264,1125
816264,3762
816264,213
816264,226
816264,240
816283,480
816283,2035
816284,1002
816289,636
816289,818
816289,3517
816289,508
816289,3106
816289,3514
816299,603
816299,1740
816299,1330
816299,2815
816299,3891
816299,396
816299,2342
816301,378
816301,864
816301,327
816301,2816
816304,1312
816304,818
816304,4381
816305,977
816305,1312
816305,1871
816305,1782
816306,494
816314,952
816332,1138
816332,3412
816332,211
816332,240
816334,509
816334,3526
816334,547
816335,2528
816335,481
816335,509
816335,3526
816335,547
816337,2342
816337,1963
816337,3182
816337,2861
816337,1149
816337,4681
816337,213
816337,824
816338,2342
816338,1963
816338,3182
816338,2861
816338,1149
816338,4681
816338,213
816338,824
816338,4562
816339,666
816339,255
816339,271
816339,281
816339,403
816339,378
816349,788
816349,3412
816349,3547
816349,2884
816349,1151
816349,305
816349,3891
816349,1002
816350,396
816350,3890
816350,304
816350,2855
816350,255
816350,1759
816350,3416
816350,213
816351,396
816351,3890
816351,304
816351,2855
816352,396
816352,3890
816352,304
816352,2855
816353,3890
816353,304
816354,1151
816354,305
816354,3891
816354,1002
816355,3412
816355,3547
816355,2884
816355,1151
816355,305
816355,3891
816355,1002
816358,1151
816358,305
816358,3891
816359,1151
816359,305
816359,3891
816362,650
816362,665
816375,4681
816378,2528
816378,481
816378,3891
816378,3933
816378,2855
816378,1174
816378,213
816379,2172
816379,675
816379,678
816380,212
816380,1306
816380,281
816380,1962
816380,3934
816380,3890
816380,480
816380,2527
816383,812
816383,403
816384,636
816384,818
816384,242
816384,255
816384,271
816385,1149
816385,4681
816385,240
816385,1782
816399,26
816399,3133
816401,2342
816401,3781
816401,2861
816401,1149
816401,4681
816403,242
816403,255
816403,271
816403,281
816403,3782
816403,378
816404,271
816404,281
816404,3782
816404,378
816405,3782
816405,378
816407,2861
816407,1149
816407,4681
816409,1153
816409,2342
816409,2861
816409,1149
816409,4681
816410,242
816410,255
816410,271
816410,281
816410,3782
816410,378
816410,1153
816411,1153
816411,2342
816411,3781
816411,2861
816411,1149
816411,4681
816414,255
816414,271
816414,281
816414,378
816415,255
816415,271
816415,281
816415,378
816415,1153
816416,242
816416,255
816416,271
816416,281
816416,378
816416,1153
816417,242
816417,255
816417,271
816417,281
816417,378
816421,2342
816422,2342
816431,952
816433,2011
816433,4400
816433,348
816433,1215
816433,481
816434,480
816434,2035
816434,350
816435,3807
816435,349
816435,1215
816435,481
816436,480
816436,347
816436,2666
816436,4401
816436,2010
816437,480
816437,347
816437,2666
816437,4401
816437,2010
816437,864
816438,480
816438,2035
816438,350
816438,2010
816439,480
816439,2035
816439,350
816440,1160
816440,639
816440,3899
816440,1892
816440,604
816440,934
816440,568
816461,3134
816467,213
816468,1160
816469,665
816489,2935
816489,2506
816489,3422
816489,2013
816489,761
816490,760
816490,1230
816490,2711
816490,3419
816490,2935
816490,2375
816493,2935
816493,2506
816493,3422
816493,2013
816494,2506
816494,3422
816494,2013
816494,761
816495,2506
816495,3422
816495,2013
816498,760
816498,1230
816498,2711
816498,3419
816498,2375
816506,255
816506,271
816506,281
816508,3134
816508,3132
816508,3906
816508,509
816508,3526
816508,547
816511,638
816511,3124
816511,4439
816512,4728
816512,4521
816512,3123
816512,636
816513,638
816513,4646
816514,4647
816514,639
816602,1748
816602,1547
816650,4254
816650,2934
816650,2781
816650,3415
816653,2011
816653,941
816653,4389
816653,2665
816653,348
816653,481
816653,509
816666,812
816666,3861
816666,4458
816666,4115
816666,4459
816666,4746
816667,4747
816667,4460
816667,4114
816667,4457
816667,3410
816669,4747
816669,4460
816669,4114
816669,4457
816669,3410
816670,3861
816670,4458
816670,4115
816670,4459
816670,4746
816672,812
816672,3861
816672,4458
816672,4466
816673,4467
816673,4484
816673,4464
816673,4457
816673,3410
816674,812
816674,3861
816674,4458
816674,4115
816674,4481
816674,4678
816674,4461
816674,4746
816675,4747
816675,4462
816675,4678
816675,4480
816675,4114
816675,4457
816675,3410
816682,3977
816682,992
816682,1705
816684,4690
816684,3838
816688,334
816688,3812
816688,4400
816688,2665
816688,4280
816688,1934
816688,4278
816688,4754
816688,4287
816689,4291
816689,4277
816689,1933
816689,4279
816689,2666
816689,4401
816689,3813
816689,335
816690,2528
816690,2036
816690,353
816690,4284
816690,4286
816690,4291
816690,4301
816690,4276
816690,4275
816692,334
816692,3812
816692,4400
816692,2665
816692,4280
816692,1934
816692,4278
816694,4277
816694,1933
816694,4279
816694,2666
816694,4401
816694,3813
816694,335
816727,3008
816727,891
816727,1138
816727,3412
816727,211
816727,240
816727,3518
816740,665
816745,864
816745,3890
816745,3518
816745,3106
816781,2820
816781,1496
816781,1604
816825,1603
816825,1497
816825,2818
816852,1397
816975,2570
816975,788
816975,2554
816980,2479
816980,115
816981,210
816983,125
817054,1963
817054,2863
817054,316
817054,3518
817054,3892
817054,1249
817054,3134
817055,4706
817055,1963
817055,2863
817055,316
817055,3518
817055,3892
817055,1249
817055,3134
817057,3892
817057,1249
817057,3134
817078,3628
817078,4554
817078,3617
817078,3603
817078,3596
817078,3598
817078,4590
817078,3415
817079,4423
817079,3671
817079,3065
817079,1082
817079,3707
817079,3670
817079,4597
817079,3720
817079,4529
817079,727
817079,3415
817080,3421
817080,728
817080,3244
817080,4596
817080,3669
817080,1702
817080,3706
817080,3709
817080,1081
817080,3064
817080,3672
817080,4422
817081,3421
817081,728
817081,3720
817081,4596
817081,3668
817081,1979
817081,3706
817081,3709
817081,1081
817081,3064
817081,3672
817081,4422
817082,3421
817082,728
817082,4596
817082,3668
817082,1979
817082,3669
817082,3706
817083,3421
817083,728
817083,4596
817083,3668
817083,1979
817083,3669
817083,3706
817083,3709
817083,1081
817083,3064
817083,3672
817083,4422
817085,4423
817085,3671
817085,3065
817085,1082
817085,3707
817085,3668
817085,1979
817085,3670
817085,4597
817085,3720
817085,727
817085,3415
817086,4423
817086,3671
817086,3065
817086,1082
817086,3707
817086,1979
817086,3670
817086,4597
817086,727
817086,3415
817103,3517
817103,3518
817103,1218
817103,4138
817103,4123
817104,3517
817104,3518
817104,1218
817104,4138
817104,4123
817104,4375
817130,509
817130,3526
817130,841
817130,2029
817130,637
817130,3833
817131,1312
817131,1017
817131,3517
817131,508
817131,3102
817132,1160
817132,824
817132,651
817132,656
817132,3517
817132,508
817132,3106
817132,3514
817132,3901
817146,2919
817146,2528
817146,3901
817147,2528
817147,3901
817147,2855
817147,1174
817148,2528
817148,3901
817148,2855
817148,1174
817149,1306
817149,2863
817149,3900
817149,2527
817157,16
817157,198
817157,3547
817157,2884
817157,1151
817157,494
817157,3518
817157,3102
817158,4652
817158,637
817164,642
817164,636
817164,1176
817171,864
817171,3901
817180,1160
817180,824
817180,651
817180,656
817180,3517
817180,508
817180,3106
817180,3514
817180,3901
817186,3901
817186,281
817201,26
817201,445
817201,3906
817201,319
817203,26
817203,445
817203,3906
817203,319
817205,1151
817205,318
817205,3892
817205,1249
817205,27
817219,603
817219,554
817225,2747
817225,582
817225,568
817225,575
817225,1740
817228,2747
817228,582
817228,568
817228,575
817228,1740
817228,874
817228,613
817236,286
817236,284
817237,286
817237,284
817259,1497
817259,2818
817259,3523
817259,1548
817259,1747
817259,1808
817259,1587
817265,1548
817265,1749
817312,1586
817312,1807
817312,1748
817312,1547
817312,3524
817312,2820
817328,1750
817334,1376
817334,1542
817362,4652
817362,1892
817362,603
817362,1900
817367,3901
817367,952
817367,1782
817367,638
817374,3901
817374,304
817374,2531
817374,884
817374,217
817374,2479
817377,977
817377,1312
817377,818
817377,4381
817381,3412
817381,1306
817381,2863
817381,3900
817381,2527
817382,1239
817382,281
817382,403
817382,2341
817382,3924
817382,4635
817382,3405
817382,3404
817382,4632
817383,3405
817383,3404
817383,4632
817383,3924
817383,2342
817383,1963
817383,2855
817383,213
817385,1740
817385,2028
817385,215
817387,4652
817387,637
817387,666
817387,212
817387,255
817387,271
817387,2863
817388,2528
817388,481
817388,3891
817388,3933
817388,3182
817388,2855
817388,1174
817388,213
817388,2172
817388,675
817388,678
817393,637
817393,1165
817393,668
817393,2172
817393,675
817393,1074
817395,213
817395,115
817395,1025
817396,884
817396,217
817396,115
817396,91
817399,4681
817399,4571
817399,3517
817400,3884
817400,3415
817400,2828
817400,603
817400,1900
817400,1740
817402,180
817402,213
817402,824
817402,638
817408,16
817408,198
817408,3547
817408,2884
817408,1151
817408,494
817408,3518
817409,213
817415,4652
817417,613
817417,3895
817419,509
817419,3526
817419,841
817419,2029
817419,637
817421,213
817423,378
817431,3901
817431,952
817431,1782
817431,638
817431,4562
817433,1160
817433,824
817433,651
817433,656
817433,3517
817433,508
817438,509
817438,3526
817447,3901
817447,315
817447,1782
817448,788
817448,213
817448,216
817448,226
817448,240
817448,30
817448,305
817448,3900
817449,2479
817450,788
817450,213
817451,3892
817451,1249
817451,3134
817455,3134
817455,3132
817455,3906
817455,3104
817455,3526
817455,547
817455,242
817455,217
817455,2479
817463,977
817463,1312
817463,818
817463,4381
817478,1740
817478,2028
817479,213
817482,284
817482,2861
817482,1149
817482,1865
817482,4681
817482,213
817482,824
817482,639
817485,679
817491,637
817491,668
817493,667
817493,636
817494,3514
817494,396
817497,639
817497,3899
817498,4652
817500,1125
817500,114
817503,1125
817503,114
817503,213
817504,884
817504,217
817504,115
817504,91
817509,1151
817509,318
817509,3892
817509,27
817514,4681
817518,3884
817518,3415
817518,2828
817523,638
817524,180
817524,213
817524,824
817524,638
817525,2816
817525,952
817525,1782
817535,554
817538,282
817538,285
817541,480
817541,347
817541,2666
817541,4401
817541,2010
817542,4652
817542,637
817542,668
817542,2172
817544,3526
817544,2816
817544,4570
817544,255
817546,1312
817546,1017
817546,3517
817546,508
817546,3102
817558,3412
817558,3547
817558,2884
817558,1151
817558,305
817558,3891
817558,1002
817559,242
817559,255
817559,271
817559,281
817559,3782
817559,378
817560,2528
817560,3901
817560,2855
817560,1174
817560,3416
817560,116
817561,284
817561,2861
817561,1149
817561,1865
817561,4681
817561,213
817561,824
817561,639
817561,3895
817562,636
817562,818
817562,3517
817562,508
817562,3106
817562,3514
817562,396
817566,217
817566,2479
817566,115
817567,115
817567,1139
817567,981
817567,799
817567,1025
817570,2172
817572,3514
817572,3526
817572,2816
817572,4570
817572,255
817574,3514
817574,1154
817574,255
817574,1759
817574,15
817575,1312
817575,1017
817575,3517
817575,508
817575,3102
817578,3422
817582,509
817582,3526
817582,2953
817582,546
817582,1741
817586,3901
817592,1215
817592,481
817596,2172
817596,675
817599,509
817599,3526
817599,547
817600,213
817600,115
817600,1025
817601,242
817601,213
817601,115
817601,1025
817604,2815
817604,3891
817604,396
817604,2342
817605,396
817605,3890
817605,304
817605,2855
817605,255
817605,1759
817605,3416
817605,213
817606,3008
817606,891
817606,1138
817606,3412
817606,211
817606,240
817606,3518
817611,213
817611,216
817611,226
817611,240
817611,30
817611,305
817611,3900
817616,3131
817617,666
817617,212
817617,255
817617,271
817617,2863
817618,1149
817618,4681
817618,213
817618,824
817618,639
817618,3895
817619,3892
817619,27
817621,647
817621,637
817625,636
817626,2747
817626,568
817628,115
817628,1139
817628,981
817628,799
817628,1025
817629,1176
817629,1741
817678,711
817678,3422
817679,603
817679,1900
817679,1740
817682,818
817682,242
817682,217
817682,2479
817682,115
817683,637
817683,666
817683,212
817683,195
817683,179
817684,884
817684,217
817684,212
817685,656
817685,1176
817685,1178
817685,1248
817685,711
817685,3421
817685,2305
817685,728
817686,1248
817686,711
817686,3421
817686,2305
817686,728
817722,4681
817722,4571
817722,3517
817722,3518
817724,3421
817724,2275
817725,2276
817725,3415
817726,3421
817726,2275
817727,2276
817727,3415
817729,3134
817729,3132
817729,3514
817729,508
817729,317
817729,281
817729,403
817729,3256
817730,3134
817730,3132
817730,3514
817730,508
817730,317
817730,281
817730,403
817730,4706
817730,3256
817733,378
817733,3890
817734,469
817734,3132
817734,3514
817734,508
817734,317
817734,281
817734,403
817734,3256
817735,1215
817735,481
817736,1230
817736,3415
817736,2828
817736,1819
817736,1330
817736,3517
817736,508
817736,3107
817736,3514
817736,2816
817736,1154
817736,281
817737,1151
817737,494
817737,2815
817737,3518
817737,3102
817737,509
817737,3526
817737,841
817737,1248
817737,711
817737,3422
817740,604
817740,711
817740,3421
817740,2305
817740,2871
817741,2899
817741,51
817741,2274
817741,3415
817741,2828
817741,603
817741,1740
817745,642
817745,636
817745,1176
817745,4517
817745,1741
817745,1901
817745,604
817745,605
817745,711
817745,3421
817748,2274
817748,3415
817748,2828
817748,603
817748,1740
817748,1330
817748,2815
817748,3891
817748,2342
817749,604
817749,711
817749,3420
817750,3415
817750,2828
817750,603
817750,1900
817750,1740
817752,935
817752,611
817752,1819
817752,1017
817752,1330
817752,3517
817752,508
817752,3102
817757,647
817757,639
817757,3899
817757,1248
817757,711
817757,3421
817757,2305
817758,2274
817758,3415
817758,2828
817758,613
817758,4652
817758,638
817758,700
817759,3105
817759,509
817759,3526
817759,841
817759,804
817759,576
817759,567
817759,2747
817760,2747
817760,575
817760,1330
817760,3517
817760,3105
817762,1230
817762,3415
817762,2828
817762,1819
817762,1330
817762,3517
817762,508
817762,3107
817762,3514
817762,2816
817762,1154
817762,281
817763,1230
817763,3415
817763,2828
817763,1819
817763,1330
817763,3517
817763,508
817764,1230
817764,3421
817764,613
817764,637
817765,2899
817765,55
817765,1945
817765,2274
817765,2304
817765,3415
817765,2828
817765,603
817765,1740
817765,1330
817765,3517
817765,508
817766,2899
817766,55
817766,1945
817766,2274
817766,2304
817766,3415
817766,2828
817766,603
817766,1740
817766,1330
817766,3517
817766,508
817767,2899
817767,55
817767,1945
817767,2274
817767,2304
817767,3415
817767,2828
817768,2899
817768,55
817768,2274
817768,2304
817768,3415
817768,2828
817768,626
817769,2855
817769,213
817770,2899
817770,51
817770,2274
817770,3415
817770,2828
817771,604
817771,711
817771,3421
817771,2305
817771,2871
817772,3899
817772,604
817772,711
817772,3421
817772,2305
817772,2871
817774,4681
817774,4571
817774,3517
817774,3518
817775,1215
817775,481
817782,3415
817782,2828
817783,1248
817783,711
817783,3420
817784,3415
817784,2828
817784,613
817785,642
817785,636
817785,1176
817785,1741
817785,1901
817785,604
817785,605
817785,711
817785,3421
817786,3415
817786,2828
817786,606
817786,603
817786,1900
817786,1740
817786,1289
817786,2029
817786,637
817786,668
817787,642
817787,636
817787,1176
817787,1741
817787,1901
817787,604
817787,605
817787,711
817787,3421
817790,2274
817790,3415
817790,2828
817790,603
817790,1740
817790,1330
817790,2815
817791,2274
817791,3415
817791,2828
817791,603
817791,1740
817791,1330
817791,2815
817793,378
817793,864
817793,327
817793,2816
817793,546
817793,1741
817793,604
817793,711
817793,3421
817793,2305
817794,2274
817794,3415
817794,2828
817795,1188
817795,711
817795,3421
817795,2305
817796,1188
817796,711
817796,3421
817796,2305
817797,604
817797,711
817797,3420
817798,604
817798,711
817798,3420
817799,604
817799,711
817799,3420
817800,604
817800,711
817800,3420
817801,604
817801,711
817801,3420
817802,604
817802,711
817802,3420
817803,3415
817803,2828
817803,602
817803,613
817806,935
817806,611
817807,2594
817807,934
817812,3008
817812,891
817812,1138
817812,211
817812,240
817812,3518
817816,3008
817816,891
817816,1138
817816,3412
817816,211
817816,240
817816,3518
817817,2274
817817,3415
817817,2828
817817,613
817817,4652
817817,638
817818,639
817818,3899
817818,1248
817818,711
817818,3421
817818,2305
817820,613
817821,3105
817821,509
817821,3526
817821,547
817822,1125
817822,788
817822,216
817822,240
817822,1330
817822,3517
817822,508
817822,3107
817822,3892
817822,1249
817822,3134
817826,3405
817826,3404
817826,4632
817826,3924
817826,864
817837,1151
817837,494
817837,2815
817837,3518
817837,3102
817837,509
817837,3526
817837,841
817837,1248
817837,711
817837,3422
817838,1125
817838,788
817838,216
817838,240
817838,1330
817838,3517
817838,508
817838,3107
817838,3892
817838,1249
817838,3134
817839,3415
817839,2828
817839,606
817839,603
817839,1900
817839,1740
817839,1289
817839,2029
817839,637
817839,668
817839,2172
817839,675
817840,378
817840,864
817840,327
817840,2816
817840,546
817840,1741
817840,604
817840,711
817840,3421
817840,2305
817841,509
817841,3526
817841,2953
817841,841
817841,1248
817841,2594
817841,934
817844,3884
817844,3415
817844,2828
817844,603
817844,1900
817844,1740
817851,3891
817851,3139
817851,3924
817851,4635
817851,3405
817851,3404
817851,4632
817855,656
817855,657
817855,3891
817855,3139
817855,3924
817855,4635
817856,656
817856,657
817856,3891
817856,3139
817856,3924
817856,4635
817856,3405
817856,3404
817856,4632
817856,4635
817860,2899
817860,55
817860,1945
817860,2274
817860,2304
817860,3415
817860,2828
817860,603
817860,1740
817860,1330
817860,3517
817860,508
817860,3102
817860,3514
817860,2861
817860,1149
817860,251
817861,2884
817861,271
817861,2863
817861,3518
817861,3102
817861,509
817861,3526
817861,2953
817861,546
817861,1741
817861,604
817861,711
817861,3421
817861,2273
817861,2305
817861,1945
817861,2871
817862,637
817862,656
817862,242
817862,255
817863,4681
817863,240
817863,1175
817863,636
817866,864
817866,3890
817866,3518
817866,3106
817866,509
817866,3526
817866,2816
817866,545
817866,1782
817866,638
817867,864
817867,3890
817867,3518
817867,3106
817867,509
817867,2816
817867,545
817867,1782
817867,638
817869,242
817869,217
817869,212
817869,3547
817869,2884
817870,251
817870,1759
817870,216
817870,240
817871,114
817871,788
817871,213
817871,216
817872,3890
817872,3518
817872,3106
817872,509
817872,3526
817872,2816
817872,545
817872,1175
817872,650
817872,665
817874,26
817874,445
817874,3906
817874,319
817874,2855
817874,255
817875,4681
817875,1151
817875,318
817875,3892
817875,27
817876,26
817876,3133
817876,3906
817876,319
817876,2855
817876,255
817877,4681
817877,1151
817877,318
817877,3892
817877,1249
817877,27
817887,304
817887,2531
817887,884
817887,217
817889,2884
817889,271
817889,2863
817889,3518
817889,3102
817890,3421
817890,2273
817890,2305
817890,1945
817890,2871
817891,1149
817891,251
817892,2861
817892,4706
817892,1149
817892,251
817897,637
817897,656
817897,242
817897,255
817898,656
817898,242
817898,255
817899,4681
817899,240
817899,1175
817899,1165
817909,509
817909,3526
817909,2816
817909,545
817909,1782
817909,638
817910,864
817910,3890
817910,3518
817910,3106
817910,509
817910,3526
817910,2816
817910,545
817910,1782
817910,638
817912,271
817912,281
817913,864
817913,3890
817913,3518
817913,3106
817913,509
817913,3526
817913,2816
817913,545
817913,1782
817913,638
817914,94
817914,1125
817914,3762
817914,213
817914,216
817915,94
817915,1125
817915,3762
817915,213
817915,216
817915,226
817915,240
817917,799
817917,94
817917,1125
817917,3762
817917,213
817917,216
817918,799
817918,94
817918,1125
817918,3762
817918,213
817920,242
817920,217
817920,212
817920,3547
817920,2884
817921,242
817921,217
817921,212
817921,3547
817921,2884
817922,212
817922,3547
817922,2884
817923,251
817923,1759
817923,213
817923,216
817923,240
817924,251
817924,1759
817924,213
817924,216
817924,240
817925,251
817925,1759
817926,213
817926,216
817927,114
817927,788
817927,213
817927,216
817928,114
817928,788
817928,213
817928,216
817928,952
817928,1782
817929,114
817929,788
817929,213
817929,216
817929,952
817929,815
817929,1782
817930,3890
817930,3518
817930,3106
817930,509
817930,3526
817930,2816
817930,545
817930,1175
817930,650
817930,665
817934,4681
817935,26
817935,445
817935,3906
817935,319
817935,2855
817935,255
817936,255
817937,4681
817938,26
817938,3133
817938,3906
817938,319
817938,2855
817938,255
817939,255
817940,3514
817940,545
817940,242
817940,212
817940,2579
817940,3416
817940,1251
817940,2999
817956,1149
817963,518
817963,436
817963,3134
817964,526
817964,538
817966,526
817966,538
817966,3272
817968,526
817968,538
817969,553
817969,1742
817969,3517
817969,480
817969,2527
817970,2330
817970,2528
817970,481
817970,3526
817970,1743
817970,554
817971,3893
817971,481
817971,3526
817971,1743
817971,554
817972,553
817972,1742
817972,3517
817972,480
817972,3894
817973,2330
817973,2528
817973,481
817973,3526
817973,1743
817973,554
817974,2528
817974,481
817974,3526
817974,1743
817976,2528
817976,481
817976,3526
817976,1743
817976,1795
817976,554
817978,553
817978,1742
817978,3517
817978,480
817978,3894
817981,1742
817981,3517
817981,480
817981,3894
817985,94
817985,1125
817985,3762
817985,213
817985,216
817988,553
817988,1742
817988,3517
817988,480
817988,3894
817989,3420
817989,2782
817989,4566
817989,4256
817989,2115
817990,4255
817990,2934
817990,2781
817990,3415
817992,4254
817992,4566
817992,3608
817992,3415
817992,2828
817992,603
817993,604
817993,711
817993,3422
817993,4523
817993,3641
817993,3027
817993,4659
817993,2254
817994,2255
817994,4660
817994,4566
817994,3608
817994,3415
817994,2828
817994,603
817995,616
817995,1248
817995,711
817995,3419
817995,2279
817995,4591
817995,3599
817995,3597
817995,3604
817995,3601
817995,3663
817995,1083
817996,1200
817996,3662
817996,3600
817996,3603
817996,3596
817996,3598
817996,4590
817996,3415
817996,2828
817996,1819
817997,616
817997,1248
817997,711
817997,3419
817997,2279
817997,4591
817997,3599
817997,3597
817997,3604
817997,3601
817997,4528
817997,3720
817998,3720
817998,4529
817998,3600
817998,3603
817998,3596
817998,3598
817998,4590
817998,3415
817998,2828
817998,1819
817999,616
817999,1248
817999,711
817999,3419
817999,2279
817999,4591
817999,3599
817999,3597
817999,3604
817999,1086
817999,3632
817999,3621
817999,1092
818000,3689
818000,3736
818000,1093
818000,4254
818000,3617
818000,3603
818000,3596
818000,3598
818000,4590
818000,3415
818000,2828
818000,1819
818001,3420
818001,2782
818001,4566
818001,4536
818001,2115
818002,4553
818002,2934
818002,2781
818002,3415
818003,604
818003,711
818003,3422
818003,4523
818003,4566
818004,604
818004,711
818004,3422
818004,4523
818004,3641
818004,4254
818005,604
818005,711
818005,3422
818005,4523
818005,3641
818005,3621
818006,4254
818006,4566
818006,3608
818006,3415
818006,2828
818006,603
818007,4254
818007,4566
818007,3608
818007,3415
818007,2828
818007,603
818008,4254
818008,4566
818008,3608
818008,3415
818008,2828
818008,603
818009,1093
818009,4254
818009,4566
818009,3608
818009,3415
818009,2828
818009,603
818010,1093
818010,4254
818010,4566
818010,3608
818010,3415
818010,2828
818010,603
818011,4566
818011,3608
818011,3415
818011,2828
818011,603
818013,604
818013,711
818013,3422
818013,4523
818013,3641
818013,3027
818013,4659
818013,2254
818017,2255
818017,4660
818017,4566
818017,3608
818017,3415
818017,2828
818017,603
818021,2255
818021,4660
818021,4566
818021,3608
818021,3415
818021,2828
818021,603
818022,2255
818022,4660
818022,4566
818022,3608
818022,3415
818022,2828
818022,603
818023,3689
818023,2255
818023,4660
818023,4566
818023,3608
818023,3415
818023,2828
818023,603
818026,616
818026,1248
818026,711
818026,3419
818026,2279
818026,4591
818026,3599
818026,3597
818026,3604
818026,3601
818026,3664
818026,3635
818026,1079
818027,616
818027,1248
818027,711
818027,3419
818027,2279
818027,4591
818027,3599
818027,3597
818027,3604
818027,3601
818027,3663
818027,1083
818029,616
818029,1248
818029,711
818029,3419
818029,2279
818029,4591
818029,3599
818029,3597
818029,3604
818029,3601
818029,3664
818029,3635
818031,1200
818031,3662
818031,3600
818031,3603
818031,3596
818031,3598
818031,4590
818031,3415
818031,2828
818031,1819
818032,1202
818032,3615
818032,3665
818032,3600
818032,3603
818032,3596
818032,3598
818032,4590
818032,3415
818032,2828
818032,707
818032,1819
818033,1202
818033,3615
818033,3665
818033,4529
818033,3600
818033,3603
818033,3596
818033,3598
818033,4590
818033,3415
818033,2828
818033,1819
818036,1200
818036,3662
818036,3600
818036,3616
818036,3603
818036,3596
818036,3598
818036,4590
818036,3415
818036,2828
818036,1819
818037,616
818037,1248
818037,711
818037,3419
818037,2279
818037,4591
818037,3599
818037,3597
818037,3604
818037,3616
818037,3601
818037,4528
818037,3720
818038,616
818038,1248
818038,711
818038,3419
818038,2279
818038,4591
818038,3599
818038,3597
818038,3604
818038,1086
818038,4555
818038,4554
818038,3601
818038,4528
818038,3720
818040,616
818040,1248
818040,711
818040,3419
818040,2279
818040,4591
818040,3599
818040,3597
818040,3604
818040,1086
818040,4555
818040,4554
818040,3601
818040,4528
818040,3720
818041,711
818041,3419
818041,2279
818041,4591
818041,3599
818041,3597
818041,3604
818041,3616
818041,3601
818041,4528
818041,3720
818043,3720
818043,4529
818043,3600
818043,3616
818043,3603
818043,3596
818043,3598
818043,4590
818043,3415
818043,2828
818043,1819
818045,3601
818045,4529
818045,3600
818045,3603
818045,3596
818045,3598
818045,4590
818045,3415
818045,2828
818045,1819
818046,616
818046,1248
818046,711
818046,3419
818046,2279
818046,4591
818046,3599
818046,3597
818046,3604
818046,3616
818046,1086
818046,3632
818046,3621
818046,1092
818047,616
818047,1248
818047,711
818047,3419
818047,2279
818047,4591
818047,3599
818047,3597
818047,3604
818047,1086
818051,616
818051,1248
818051,711
818051,3419
818051,2279
818051,4591
818051,3599
818051,3597
818051,3604
818051,1086
818051,4555
818051,3629
818052,616
818052,1248
818052,711
818052,3419
818052,2279
818052,4591
818052,3599
818052,3597
818052,3604
818052,1086
818052,4555
818052,3629
818053,616
818053,1248
818053,711
818053,3419
818053,2279
818053,4591
818053,3599
818053,3597
818053,3604
818053,1086
818053,3632
818053,4254
818054,616
818054,1248
818054,711
818054,3419
818054,2279
818054,4591
818054,3599
818054,3597
818054,3604
818054,1086
818054,3632
818054,4254
818056,711
818056,3419
818056,2279
818056,4591
818056,3599
818056,3597
818056,3604
818056,1086
818056,3632
818056,3621
818056,1092
818057,3628
818057,4554
818057,3617
818057,3603
818057,3596
818057,3598
818057,4590
818057,3415
818057,2828
818057,707
818057,1819
818059,1093
818059,4254
818059,3617
818059,3603
818059,3596
818059,3598
818059,4590
818059,3415
818059,2828
818059,1819
818060,3617
818060,3603
818060,3596
818060,3598
818060,4590
818060,3415
818060,2828
818060,1819
818061,4254
818061,3617
818061,3603
818061,3596
818061,3598
818061,4590
818061,3415
818061,2828
818061,1819
818062,576
818062,567
818062,2113
818062,4255
818062,4566
818082,604
818082,711
818082,3422
818082,4523
818082,3641
818082,3621
818085,2528
818085,2036
818085,353
818085,4284
818085,4286
818085,4291
818085,4301
818085,4276
818085,4275
818086,4288
818086,4300
818086,4754
818086,4285
818086,4283
818086,1217
818086,357
818086,2527
818087,334
818087,3812
818087,4400
818087,2665
818087,4280
818087,1934
818087,4278
818088,2884
818088,4634
818088,4465
818088,4746
818089,4747
818089,4429
818089,4479
818089,4633
818089,251
818092,2341
818092,375
818092,4413
818093,812
818093,3861
818093,4458
818093,4115
818093,4459
818093,4746
818093,4711
818094,812
818094,3861
818094,4458
818094,4115
818094,4481
818094,4678
818094,4461
818094,4746
818095,812
818095,3861
818095,4458
818095,4115
818095,4481
818095,4678
818095,4461
818095,4746
818095,4711
818096,4747
818096,4429
818096,4479
818096,4633
818097,4429
818097,4479
818097,4633
818097,251
818098,4429
818098,4479
818098,4633
818105,812
818105,3861
818105,4458
818105,4466
818105,4493
818106,4490
818106,4467
818106,4484
818106,4464
818106,4457
818106,3410
818107,4467
818107,4484
818107,4464
818107,4457
818107,3410
818386,636
818386,818
818386,494
818386,3900
818388,818
818388,241
818392,3720
818392,4529
818392,3600
818392,3603
818392,3596
818392,3598
818392,4590
818392,3415
818392,2828
818393,4423
818393,3671
818393,3065
818393,1082
818464,1542
818464,1579
818464,1585
818483,1542
818483,1579
818483,1583
818499,1584
818499,1578
818499,1544
818511,2943
818511,179
818512,180
818512,2944
818513,2943
818513,179
818513,4387
818513,4494
818514,4418
818514,4387
818514,180
818514,2944
818553,546
818553,2882
818553,4771
818553,27
818554,26
818554,4770
818554,838
818554,1330
818555,2882
818555,4771
818555,27
818556,26
818556,4770
818556,838
818557,3933
818557,2863
818557,316
818557,2816
818557,613
818557,3895
818558,3899
818558,1819
818558,2815
818558,317
818558,281
818558,3934
818559,4652
818559,1819
818559,1330
818559,3517
818559,508
818559,3102
818559,3514
818559,1154
818559,255
818559,1759
818559,15
818560,16
818560,198
818560,3547
818560,2884
818560,1151
818560,494
818560,3518
818560,3102
818560,509
818560,3526
818560,546
818560,613
818560,3895
818561,2880
818561,553
818561,1740
818561,1330
818561,3517
818561,508
818561,3105
818561,3514
818561,545
818561,242
818561,212
818561,129
818561,1251
818562,3008
818562,891
818562,1138
818562,211
818562,240
818562,3105
818562,509
818562,3526
818562,546
818562,1743
818562,554
818562,2880
818563,3008
818563,891
818563,1138
818563,3412
818563,211
818563,240
818563,3518
818563,3104
818563,509
818563,3526
818563,546
818563,27
818564,26
818564,1330
818564,3517
818564,508
818564,3104
818564,3514
818564,242
818564,212
818564,2579
818564,3416
818564,1251
818564,2999
818565,553
818565,1740
818565,1330
818565,3517
818565,508
818565,3103
818565,480
818565,2527
818566,2528
818566,481
818566,3103
818566,509
818566,3526
818566,546
818566,1743
818566,554
818567,3526
818567,546
818567,1248
818567,711
818567,3420
818568,3415
818568,2828
818568,1819
818568,1330
818568,3517
818569,2816
818569,952
818569,1782
818569,1313
818569,1742
818569,3517
818571,3933
818571,2863
818571,316
818571,2816
818571,613
818571,3895
818572,3933
818572,2863
818572,316
818572,2816
818572,613
818572,4652
818573,3899
818573,1819
818573,2815
818573,317
818573,281
818573,3934
818579,509
818579,3526
818579,546
818579,613
818579,3895
818580,4652
818580,1819
818580,1330
818580,3517
818580,508
818580,3102
818582,509
818582,3526
818582,546
818582,613
818582,637
818584,546
818584,613
818584,637
818585,3526
818585,546
818585,613
818585,637
818589,636
818589,818
818589,241
818589,494
818589,3900
818591,2880
818591,553
818591,1740
818591,1330
818591,3517
818591,508
818597,603
818597,2880
818598,2880
818598,553
818598,804
818598,637
818600,509
818600,3526
818600,546
818600,27
818601,26
818601,1330
818601,3517
818601,508
818601,3104
818601,3514
818601,545
818601,242
818601,212
818601,2579
818601,3416
818602,26
818602,1330
818602,3517
818602,508
818603,26
818603,1330
818603,3517
818603,545
818603,543
818606,553
818606,1740
818606,1330
818606,3517
818606,508
818608,2528
818608,481
818608,3103
818608,509
818608,3526
818608,546
818608,1743
818608,554
818609,613
818612,3526
818612,546
818612,1248
818612,711
818612,3420
818613,3415
818613,2828
818613,1819
818613,1330
818613,3517
818614,1819
818614,1330
818614,3517
818615,1819
818615,1330
818617,3526
818617,546
818617,613
818622,2528
818622,481
818625,1313
818625,1742
818625,3517
818625,3573
818634,1398
818634,2820
818634,1541
818634,1579
818634,1583
818688,1742
818688,547
818688,242
818688,255
818689,4681
818689,240
818689,546
818689,1741
818691,803
818691,1740
818692,1160
818692,639
818692,3899
818692,1892
818692,604
818692,934
818692,568
818693,568
818693,1189
818693,935
818693,613
818693,4652
818693,637
818693,644
818693,1329
818693,665
818694,1892
818694,603
818694,576
818694,567
818694,2747
818695,1795
818695,556
818695,871
818696,596
818696,803
818696,555
818696,551
818696,1740
818697,1795
818697,556
818697,871
818697,1034
818697,1701
818697,595
818698,596
818698,1034
818698,1701
818698,803
818698,555
818698,551
818698,1740
818699,803
818699,1740
818699,613
818700,596
818700,803
818700,1740
818700,613
818702,1160
818702,639
818702,3899
818702,1892
818702,604
818702,934
818702,567
818702,2747
818703,2747
818703,568
818703,1189
818703,935
818703,613
818703,4652
818703,637
818703,644
818703,1329
818703,665
818704,1160
818704,639
818704,3899
818704,1892
818704,604
818704,568
818704,1034
818704,1701
818705,1160
818705,639
818705,3899
818705,1892
818705,604
818705,934
818705,1034
818705,1701
818705,567
818705,2747
818706,1160
818706,639
818706,3899
818706,1892
818706,604
818706,2117
818706,568
818707,1160
818707,639
818707,3899
818707,1892
818707,604
818707,934
818707,2117
818707,567
818707,2747
818708,1034
818708,1701
818708,568
818708,1189
818708,935
818708,613
818708,4652
818708,637
818708,644
818708,1329
818708,665
818709,2747
818709,568
818709,2117
818709,935
818709,613
818709,4652
818709,637
818709,644
818709,1329
818709,665
818710,2747
818710,1034
818710,1701
818710,2117
818710,935
818710,613
818710,4652
818710,637
818710,644
818710,1329
818710,665
818711,568
818711,2117
818711,935
818711,613
818711,4652
818711,637
818711,644
818711,1329
818711,665
818712,639
818712,3899
818712,1892
818712,604
818712,934
818712,2747
818713,568
818713,1189
818713,935
818713,613
818713,4652
818713,637
818713,644
818714,2747
818714,568
818714,1189
818714,935
818714,613
818714,4652
818714,637
818714,644
818715,547
818715,242
818715,255
818715,261
818715,179
818715,3222
818716,187
818716,3221
818716,180
818716,262
818716,2884
818716,240
818716,546
818717,547
818717,242
818717,255
818719,1125
818719,114
818719,211
818719,240
818721,4681
818721,240
818721,546
818721,4627
818721,3517
818732,1629
818732,2034
818732,1417
818732,3521
818732,1397
818733,1497
818733,2818
818733,4684
818733,1679
818733,1502
818733,1572
818749,2555
818749,1398
818749,2820
818749,1541
818749,1579
818749,1583
818759,1629
818759,2034
818759,1417
818759,3521
818772,2820
818772,4684
818772,1679
818772,1502
818772,1572
818802,1398
818802,1541
818802,4684
818802,1679
818802,1502
818802,1572
818806,1541
818806,4684
818806,1679
818806,1502
818806,1572
818817,576
818817,2880
818817,565
818817,551
818817,607
818828,1231
818830,565
818831,804
818831,1901
818831,613
818832,1231
818833,603
818833,1900
818833,2867
818834,637
818834,650
818834,656
818834,1330
818834,3517
818834,480
818835,481
818835,3526
818835,1175
818835,638
818836,1215
818836,481
818836,3104
818836,509
818836,3526
818836,255
818836,3801
818837,3802
818837,4681
818837,3517
818837,508
818837,3103
818837,480
818837,2035
818839,187
818839,3221
818839,180
818839,262
818839,2884
818839,240
818839,546
818840,565
818841,481
818841,3526
818841,547
818841,1175
818841,638
818843,637
818844,650
818844,656
818844,1330
818844,3517
818844,480
818845,638
818849,3802
818849,4681
818849,3517
818849,508
818849,3103
818849,480
818849,2035
818850,3802
818850,4681
818850,3517
818850,508
818850,3103
818850,480
818850,2035
818852,3802
818852,4681
818852,3517
818852,508
818853,1759
818853,116
818853,213
818854,1759
818854,116
818854,788
818854,213
818855,1759
818855,213
818857,255
818857,261
818857,179
818857,3222
818858,187
818858,3221
818858,180
818858,262
818858,2884
818860,242
818860,255
818860,261
818860,179
818860,3800
818861,3799
818861,3802
818861,180
818861,262
818861,2884
818862,255
818862,261
818862,179
818862,3800
818863,261
818863,179
818863,3800
818864,242
818864,255
818864,261
818864,179
818864,3800
818865,255
818865,261
818865,179
818865,3800
818866,242
818866,255
818866,261
818866,2492
818866,3800
818869,3799
818869,3802
818869,2869
818869,262
818869,2884
818876,1573
818876,1501
818876,1387
818876,4685
818877,1542
818877,3523
818878,2958
818878,3521
818878,1541
818882,1497
818882,2818
818882,1534
818882,1418
818882,2031
818882,1495
818884,1573
818884,1501
818884,1387
818884,4685
818884,1544
818884,3523
818884,1548
818884,1747
818884,1628
818889,1573
818889,1501
818889,1387
818889,4685
818889,1552
818889,2817
818893,1773
818893,1586
818894,1584
818894,1578
818894,1544
818894,1397
818920,2034
818920,2958
818920,3521
818920,1541
818922,3523
818928,1533
818928,4684
818928,1679
818928,1502
818928,1572
818935,1629
818935,1746
818935,1547
818935,3524
818937,1541
818937,4684
818937,1679
818937,1502
818937,1572
818938,3523
818938,1548
818938,1747
818938,1628
818947,4685
818947,1544
818948,1533
818948,4684
818949,1534
818949,1418
818949,2031
818949,1897
818950,4684
818961,3514
818961,508
818961,480
818961,347
818961,2666
818961,4389
818961,341
818961,2010
818961,4738
818963,576
818963,567
818963,2747
818964,1795
818964,556
818964,871
818964,595
818965,1819
818966,1819
818967,568
818968,1329
818968,665
818969,613
818969,3895
818970,1740
818970,2028
818970,215
818971,977
818971,1312
818971,818
818971,4381
818972,642
818972,636
818972,1176
818972,4517
818972,1741
818972,1901
818972,604
818972,605
818972,711
818972,3421
818973,3415
818973,2828
818973,606
818973,603
818973,1900
818973,1740
818973,1289
818973,2029
818973,637
818973,668
818973,2172
818973,675
818974,4652
818974,637
818974,668
818974,2172
818975,509
818975,3526
818975,841
818975,2029
818975,637
818975,3833
818976,3933
818976,2863
818976,316
818976,2816
818976,613
818976,3895
818977,604
818977,711
818977,3421
818977,2305
818977,2871
818978,4652
818978,637
818978,666
818978,212
818978,255
818978,271
818978,2863
818979,284
818979,2861
818979,1149
818979,1865
818979,4681
818979,213
818979,824
818979,639
818979,3895
818980,213
818980,115
818980,1025
818981,1125
818981,114
818981,211
818982,94
818982,1125
818982,3762
818982,213
818982,216
818983,547
818983,242
818983,255
818983,261
818983,179
818983,3222
818984,4652
818984,1819
818984,1330
818984,3517
818984,508
818984,3102
818984,3514
818984,1154
818984,255
818984,1759
818984,15
818985,547
818985,242
818985,255
818986,4681
818986,240
818986,546
818987,242
818987,217
818987,212
818987,3547
818987,2884
818988,509
818988,3526
818988,2953
818988,841
818988,1248
818988,2594
818988,934
818989,2899
818989,55
818989,1945
818989,2274
818989,2304
818989,3415
818989,2828
818989,603
818989,1740
818989,1330
818989,3517
818989,508
818989,3102
818989,3514
818989,2861
818989,1149
818989,251
818990,2274
818990,3415
818990,2828
818990,603
818990,1740
818990,1330
818990,2815
818990,3891
818990,2342
818991,679
818991,212
818991,1306
818991,281
818991,1962
818991,3934
818991,3890
818991,480
818991,2527
818992,1230
818992,3415
818992,2828
818992,1819
818992,1330
818992,3517
818992,508
818992,3107
818992,3514
818992,2816
818992,1154
818992,281
818993,3526
818993,2816
818993,4570
818993,255
818994,4681
818994,4571
818994,3517
818995,1215
818995,481
818995,3104
818995,509
818995,3526
818995,255
818995,3801
818996,3802
818996,4681
818996,3517
818996,508
818996,3103
818996,480
818996,2035
818997,3412
818997,1306
818997,2863
818997,3900
818997,2527
818998,2528
818998,3901
818998,2855
818998,1174
818998,3416
818998,116
818999,1125
818999,788
818999,216
818999,240
818999,1330
818999,3517
818999,508
818999,3107
818999,3892
818999,1249
818999,3134
819000,788
819000,213
819000,216
819000,226
819000,240
819000,30
819000,305
819000,3900
819001,3901
819001,304
819001,2531
819001,884
819001,217
819001,2479
819002,647
819002,639
819002,3899
819002,1248
819002,711
819002,3421
819002,2305
819003,4652
819003,636
819003,818
819003,242
819003,255
819003,271
819004,217
819004,2479
819004,115
819005,114
819005,788
819005,213
819005,216
819006,3008
819006,891
819006,1138
819006,3412
819006,211
819006,240
819006,3518
819006,3104
819006,509
819006,3526
819006,546
819006,27
819007,2880
819007,553
819007,1740
819007,1330
819007,3517
819007,508
819007,3105
819007,3514
819007,545
819007,242
819007,212
819007,129
819007,1251
819008,3008
819008,891
819008,1138
819008,211
819008,240
819008,3105
819008,509
819008,3526
819008,546
819008,1743
819008,554
819008,2880
819009,2816
819009,952
819009,1782
819009,1313
819009,1742
819009,3517
819010,636
819010,818
819010,494
819010,3900
819011,3901
819011,952
819011,1782
819011,638
819012,1160
819012,824
819012,651
819012,656
819012,3517
819012,508
819012,3106
819012,3514
819012,3901
819013,3890
819013,3518
819013,3106
819013,509
819013,3526
819013,2816
819013,545
819013,1175
819013,650
819013,665
819014,637
819014,650
819014,656
819014,1330
819014,3517
819014,480
819015,3415
819015,2828
819015,1819
819015,1330
819015,3517
819016,604
819016,711
819016,3420
819017,3415
819017,2828
819017,603
819017,1900
819017,1740
819018,636
819018,818
819018,3517
819018,508
819018,3106
819018,3514
819018,396
819019,864
819019,3890
819019,3518
819019,3106
819019,509
819019,3526
819019,2816
819019,545
819019,1782
819019,638
819020,26
819020,3133
819020,3906
819020,319
819020,2855
819020,255
819021,636
819021,818
819021,3517
819021,508
819021,3106
819021,3514
819021,1000
819021,2342
819022,3891
819022,3139
819022,3924
819022,4635
819022,3405
819022,3404
819022,4632
819023,637
819023,666
819023,212
819023,195
819023,179
819024,666
819024,255
819024,271
819024,281
819024,403
819024,378
819025,637
819025,1165
819025,668
819025,2172
819025,675
819025,1074
819026,3105
819026,509
819026,3526
819026,841
819026,804
819026,576
819026,567
819026,2747
819027,604
819027,711
819027,3422
819035,3895
819036,3895
819036,3144
819037,1892
819037,603
819037,1900
819041,977
819041,1312
819041,818
819041,4381
819042,642
819042,636
819042,1176
819042,1741
819042,1901
819042,604
819042,605
819042,711
819042,3421
819044,2172
819044,675
819046,4652
819046,637
819048,1312
819048,1017
819048,3517
819048,508
819048,3102
819051,3895
819052,3933
819052,2863
819052,316
819052,2816
819052,613
819052,4652
819053,4652
819054,3895
819055,2871
819056,2899
819056,51
819056,2274
819056,3415
819056,2828
819058,603
819058,1740
819062,284
819062,2861
819062,1149
819062,4681
819062,213
819062,824
819064,213
819064,115
819064,1025
819066,211
819068,1125
819068,114
819068,213
819070,94
819070,1125
819070,3762
819070,213
819070,226
819070,240
819071,94
819071,1125
819071,3762
819071,213
819072,115
819072,91
819072,3136
819073,187
819073,3221
819073,180
819073,262
819073,2884
819073,240
819074,4628
819075,16
819075,198
819075,3547
819075,2884
819075,1151
819075,494
819075,3518
819075,3102
819076,16
819076,198
819076,3547
819076,2884
819076,1151
819076,494
819076,3518
819077,3514
819077,1154
819077,255
819077,1759
819077,15
819078,4681
819078,240
819078,546
819078,4627
819078,3517
819079,4681
819079,240
819079,546
819079,4627
819079,3517
819080,4681
819081,613
819082,255
819084,242
819084,217
819084,212
819084,3547
819084,2884
819086,818
819086,241
819087,2899
819087,55
819087,1945
819087,2274
819087,2304
819087,3415
819087,2828
819087,603
819087,1740
819087,1330
819087,3517
819087,508
819088,2884
819088,271
819088,2863
819088,3518
819088,3102
819089,3421
819089,2273
819089,2305
819089,1945
819089,2871
819090,3514
819090,2855
819090,213
819091,509
819091,3526
819091,2953
819091,546
819091,1741
819092,1759
819092,116
819092,213
819093,378
819095,2342
819096,2815
819096,3891
819096,396
819096,2342
819097,2528
819097,481
819097,3891
819097,3933
819097,2855
819097,1174
819097,213
819098,2528
819098,481
819099,1230
819099,3415
819099,2828
819099,1819
819099,1330
819099,3517
819099,508
819099,3107
819099,3514
819099,2816
819099,1154
819099,281
819101,3514
819101,3526
819101,2816
819101,4570
819101,255
819104,3802
819104,4681
819104,3517
819104,508
819104,3103
819104,480
819104,2035
819105,480
819105,2035
819108,1215
819108,481
819109,1215
819109,481
819111,637
819111,656
819111,242
819111,255
819112,656
819112,242
819112,255
819113,3900
819113,2527
819117,3892
819117,1249
819117,3134
819118,1125
819118,788
819118,216
819118,240
819118,1330
819118,3517
819118,508
819118,3107
819118,3892
819118,1249
819118,3134
819119,1125
819119,788
819119,216
819119,240
819119,1330
819119,3517
819119,508
819121,469
819121,3132
819121,3906
819121,3104
819121,3526
819121,547
819121,242
819121,217
819122,3906
819122,3104
819122,3526
819122,547
819122,242
819122,217
819122,2479
819126,3405
819126,3404
819126,3924
819126,2342
819126,1963
819126,2855
819127,3901
819128,788
819129,3901
819129,304
819129,2531
819129,884
819129,217
819130,2274
819130,3415
819130,2828
819130,613
819130,4652
819130,638
819131,638
819131,700
819133,639
819133,3899
819134,1149
819134,4681
819134,240
819134,1782
819136,217
819136,2479
819136,115
819141,818
819141,242
819141,217
819141,2479
819141,115
819142,2479
819142,115
819145,1138
819145,3412
819145,211
819145,240
819146,3514
819146,545
819146,242
819146,212
819146,2579
819146,3416
819146,1251
819146,2999
819147,26
819147,1330
819147,3517
819147,508
819147,3104
819147,3514
819147,545
819147,242
819147,212
819147,2579
819147,3416
819152,509
819152,3526
819153,3008
819153,891
819153,1138
819153,211
819153,240
819153,3518
819154,603
819154,2880
819158,603
819158,554
819159,1313
819159,1742
819159,3517
819159,3573
819160,2816
819160,952
819160,1782
819162,213
819163,3412
819163,3547
819163,2884
819163,1151
819163,305
819163,3891
819163,1002
819165,3901
819165,952
819165,1782
819165,638
819167,3901
819167,281
819168,636
819168,818
819168,241
819168,494
819168,3900
819169,3901
819169,952
819169,1782
819169,638
819169,4562
819171,1160
819171,824
819171,651
819171,656
819171,3517
819171,508
819172,3890
819172,3518
819172,3106
819172,509
819172,3526
819172,2816
819172,545
819172,1175
819172,650
819172,665
819173,650
819173,665
819174,1160
819174,824
819174,651
819175,3890
819175,3518
819176,481
819176,3526
819176,547
819176,1175
819176,638
819177,481
819177,3526
819177,547
819177,1175
819178,3526
819178,546
819178,1248
819178,711
819178,3420
819179,3415
819179,2828
819182,604
819182,711
819182,3420
819184,602
819185,636
819185,818
819185,3517
819185,508
819185,3106
819185,3514
819186,3514
819186,396
819187,509
819187,3526
819187,2816
819187,545
819187,1782
819187,638
819188,864
819188,3901
819190,1151
819190,318
819190,3892
819190,27
819191,26
819191,445
819191,3906
819191,319
819192,4681
819194,255
819195,864
819195,3890
819195,3518
819195,3106
819196,3891
819196,3139
819196,3924
819196,4635
819197,1330
819198,3405
819198,3404
819198,4632
819198,3924
819198,864
819199,3405
819199,3404
819199,4632
819199,3924
819199,864
819200,195
819200,179
819201,638
819202,637
819202,666
819202,212
819202,195
819202,179
819203,637
819210,3884
819210,3415
819210,2828
819212,711
819212,3422
819213,602
819218,576
819218,567
819218,2747
819222,613
819222,3895
819223,3895
819228,1674
819228,1751
819228,1869
819229,1396
819229,1750
819229,1673
819230,1674
819230,1748
819230,1547
819230,3524
819230,2820
819231,1497
819231,2818
819231,3523
819231,1548
819231,1749
819231,1673
819232,1533
819232,4684
819232,1679
819232,1502
819232,1572
819233,1542
819233,1418
819233,2033
819233,1472
819233,1749
819233,1673
819234,1674
819234,1746
819234,1473
819234,2034
819234,1417
819234,1543
819235,1674
819235,1746
819235,1473
819235,2034
819235,1417
819235,1533
819235,4684
819235,1679
819235,1502
819235,1572
819236,1573
819236,1501
819236,1387
819236,4685
819236,1534
819236,1418
819236,2033
819236,1472
819236,1749
819236,1673
819237,1586
819237,1807
819237,1748
819237,1547
819237,3524
819237,2820
819238,1582
819238,1578
819238,1544
819239,1773
819239,1582
819239,1578
819239,1544
819239,1397
819240,1897
819240,2032
819240,4250
819240,1614
819240,1565
819240,2817
819241,1680
819241,4250
819241,2817
819241,1496
819241,1604
819242,1603
819242,1497
819242,2818
819242,1617
819242,1579
819242,1868
819243,1398
819243,3522
819243,1418
819243,2033
819243,1628
819244,1629
819244,2034
819244,1417
819244,1533
819244,2817
819244,1496
819244,1604
819245,1603
819245,1497
819245,2818
819245,1534
819245,1418
819245,2033
819245,1628
819246,1897
819246,2034
819246,1417
819246,1533
819246,4684
819247,4685
819247,1534
819247,1418
819247,2031
819247,1897
819248,1542
819248,3523
819248,1418
819248,2031
819248,1897
819249,1629
819249,1746
819249,1547
819249,3524
819249,1541
819249,4684
819249,1679
819249,1502
819249,1572
819250,1674
819250,1751
819251,1396
819251,1750
819251,1673
819252,1750
819252,1673
819253,1674
819253,1748
819253,1547
819253,3524
819253,2820
819254,1674
819254,1746
819254,1547
819254,3524
819255,1674
819255,1746
819255,1473
819256,1497
819256,2818
819256,3523
819256,1548
819256,1471
819257,1497
819257,2818
819258,2818
819258,3523
819258,1548
819258,1749
819258,1673
819259,1584
819259,1472
819259,1749
819259,1673
819260,3522
819260,1548
819260,1749
819260,1673
819263,1573
819263,1501
819263,1387
819263,4685
819264,1573
819264,1501
819264,1387
819264,4685
819264,2742
819264,2031
819265,1533
819266,1542
819266,1418
819266,2033
819266,1472
819266,1749
819266,1673
819267,1542
819268,1542
819268,1418
819268,2031
819269,1542
819270,1674
819270,1746
819270,1473
819270,2034
819270,1417
819271,1674
819271,1746
819271,1473
819271,2034
819271,1417
819271,1533
819272,1674
819272,1751
819273,1541
819274,3522
819274,1418
819274,2033
819274,1472
819274,1749
819274,1673
819275,1541
819276,1750
819276,1673
819277,4250
819277,1543
819278,1542
819279,2958
819279,3521
819280,2958
819280,3521
819281,1541
819282,3522
819283,1674
819283,1746
819283,1473
819284,1573
819284,1501
819284,1387
819284,4685
819284,2817
819285,1573
819285,1501
819285,1387
819285,4685
819285,1534
819286,1573
819286,1501
819286,1387
819286,4685
819286,1534
819286,1418
819287,1584
819287,2033
819287,1472
819287,1749
819287,1673
819288,1584
819288,2034
819288,1417
819288,1533
819288,4684
819288,1679
819288,1502
819288,1572
819289,4684
819289,1679
819289,1502
819289,1572
819290,1603
819290,1497
819290,2818
819290,3523
819290,1548
819290,1747
819290,1808
819290,1587
819291,1497
819291,2818
819291,3523
819291,1548
819291,1747
819293,1586
819293,1807
819295,1396
819295,1748
819295,1547
819295,3524
819295,2820
819296,1680
819296,1587
819297,3522
819297,1548
819297,1747
819297,1808
819297,1587
819298,2818
819298,3523
819298,1548
819298,1747
819298,1808
819298,1587
819300,1586
819301,1582
819301,1578
819301,1544
819302,1582
819302,1578
819302,1544
819303,1542
819304,1542
819305,1587
819306,1541
819307,1541
819307,1579
819307,1583
819308,1773
819308,1582
819308,1578
819308,1544
819309,1398
819309,2820
819309,1541
819309,1579
819309,1585
819310,1587
819312,1897
819312,2032
819312,4250
819312,1614
819312,1565
819312,2817
819313,1897
819313,2032
819313,4250
819313,1565
819313,2817
819314,1897
819315,1497
819315,2818
819315,1534
819315,1418
819315,2031
819316,1495
819317,2818
819317,1534
819317,1418
819317,2031
819317,1495
819319,1497
819319,2818
819319,1617
819319,1579
819319,1868
819320,1680
819320,4250
819320,2817
819321,1680
819322,1603
819322,1497
819322,2818
819322,1617
819322,1579
819322,1396
819324,1496
819324,1604
819325,1680
819325,4250
819325,2817
819325,1496
819325,1604
819326,1868
819327,1398
819328,1629
819328,2034
819328,1417
819328,3521
819328,1397
819329,1397
819330,3523
819330,1418
819330,2033
819330,1628
819331,1629
819331,2034
819331,1417
819331,1533
819331,2817
819332,1496
819332,1604
819333,1418
819333,2033
819333,1628
819334,1496
819334,1604
819335,1584
819335,2033
819335,1628
819336,1897
819336,2034
819336,1417
819336,1533
819336,4684
819337,4685
819337,1534
819337,1418
819337,2031
819337,1495
819338,1674
819338,1751
819338,1897
819339,1897
819340,1897
819340,2034
819340,1417
819341,4685
819341,1534
819342,2034
819342,1417
819342,1533
819342,4684
819343,1897
819344,1418
819344,2031
819344,1897
819345,1542
819345,3523
819345,1418
819345,2031
819345,1495
819346,1897
819346,2034
819346,1417
819346,3521
819346,1541
819347,1376
819347,1542
819347,3523
819347,1418
819347,2031
819347,1897
819348,1376
819348,1542
819349,1542
819350,1897
819350,2034
819350,1417
819350,3521
819351,1897
819351,2034
819351,1417
819351,3521
819352,1897
819352,2034
819352,1417
819352,3521
819353,1897
819354,1541
819355,3522
819355,1418
819355,2031
819355,1897
819356,3522
819356,1418
819356,2031
819356,1495
819357,1541
819358,1897
819359,1497
819359,2818
819360,1573
819360,1501
819360,1387
819360,4685
819360,1552
819360,2817
819361,1573
819361,1501
819361,1387
819361,4685
819361,1552
819361,2817
819362,2820
819363,2818
819363,4684
819363,1679
819363,1502
819363,1572
819365,1629
819365,1746
819365,1547
819365,3524
819366,1573
819366,1501
819366,1387
819366,4685
819366,1544
819367,1573
819367,1501
819367,1387
819367,4685
819367,1544
819368,1541
819368,4684
819368,1679
819368,1502
819368,1572
819369,3522
819369,1548
819369,1747
819369,1628
819370,1396
819370,2034
819370,1417
819370,3521
819370,1397
819371,1748
819371,1547
819373,1398
819373,3522
819373,1418
819373,2031
819374,1398
819374,3522
819374,1418
819374,2031
819374,1868
819375,1396
819375,2034
819375,1417
819375,3521
819375,1397
819376,1751
819377,1748
819377,1547
819378,1548
819378,1471
819379,1548
819379,1749
819380,1584
819380,1470
819380,1547
819381,1573
819381,1501
819381,1387
819381,4685
819381,1544
819381,1397
819382,1573
819382,1501
819382,1387
819382,4685
819382,1544
819383,1398
819384,1674
819384,1751
819384,1869
819385,1533
819385,4684
819385,1679
819385,1502
819385,1572
819386,1674
819386,1746
819386,1473
819386,2034
819386,1417
819386,1533
819386,4684
819386,1679
819386,1502
819386,1572
819387,1680
819387,4250
819387,2817
819387,1496
819387,1604
819388,1773
819388,1582
819388,1578
819388,1544
819388,1397
819389,1497
819389,2818
819389,3523
819389,1548
819389,1749
819389,1673
819390,1542
819390,1418
819390,2033
819390,1472
819390,1749
819390,1673
819391,1629
819391,2034
819391,1417
819391,1533
819391,2817
819391,1496
819391,1604
819392,1603
819392,1497
819392,2818
819392,1534
819392,1418
819392,2033
819392,1628
819393,1542
819393,3523
819393,1418
819393,2031
819393,1897
819394,1582
819394,1578
819394,1544
819395,1629
819395,2034
819395,1417
819395,3521
819395,1397
819396,1586
819396,1807
819396,1748
819396,1547
819396,3524
819396,2820
819397,1497
819397,2818
819397,1534
819397,1418
819397,2031
819397,1495
819398,1897
819398,2034
819398,1417
819398,1533
819398,4684
819399,4685
819399,1534
819399,1418
819399,2031
819399,1897
819400,1573
819400,1501
819400,1387
819400,4685
819400,1544
819400,3523
819400,1548
819400,1747
819400,1628
819401,1396
819402,1396
819402,1750
819402,1673
819403,1533
819403,4684
819403,1679
819403,1502
819403,1572
819404,1542
819405,2034
819405,2958
819405,3521
819405,1541
819406,3523
819407,1584
819407,2034
819407,1417
819407,1533
819407,4684
819407,1679
819407,1502
819407,1572
819408,4684
819408,1679
819408,1502
819408,1572
819409,1497
819409,2818
819409,1617
819409,1579
819409,1868
819411,1603
819411,1497
819412,1603
819412,1497
819412,2818
819412,1617
819412,1579
819412,1396
819413,2818
819413,1617
819413,1579
819413,1868
819414,1680
819414,4250
819414,2817
819414,1496
819414,1604
819417,2555
819417,1398
819417,2820
819417,1541
819417,1579
819417,1583
819419,1584
819419,1472
819419,1749
819419,1673
819421,1542
819423,1541
819424,1750
819424,1673
819428,1542
819428,3523
819428,1418
819428,2031
819428,1495
819429,1376
819429,1542
819429,3523
819429,1418
819429,2031
819429,1897
819430,1376
819430,1542
819432,1586
819433,1582
819433,1578
819433,1544
819435,1398
819436,1397
819437,3523
819437,1418
819437,2033
819437,1628
819438,1586
819438,1807
819438,1748
819438,1547
819438,3524
819440,1497
819440,2818
819440,1534
819440,1418
819440,2031
819442,4685
819442,1534
819442,1418
819442,2031
819442,1495
819444,4685
819444,1544
819445,1629
819445,1746
819445,1547
819445,3524
819446,1541
819446,4684
819446,1679
819446,1502
819446,1572
819447,1396
819447,2034
819447,1417
819447,3521
819447,1397
819448,1548
819448,1749
819449,1396
819452,1548
819452,1471
819455,1748
819455,1547
819456,1750
819457,1573
819457,1501
819457,1387
819457,4685
819457,1544
819457,1397
819458,1573
819458,1501
819458,1387
819458,4685
819458,1544
819459,1397
819460,1497
819460,2818
819460,4684
819460,1679
819460,1502
819460,1572
819461,1573
819461,1501
819461,1387
819461,4685
819461,1552
819461,2817
819462,1497
819462,2818
819463,2820
819463,4684
819463,1679
819463,1502
819463,1572
